487
722
303
380
895
14
752
99
590
305
299
941
15
587
359
490
159
131
566
61
37
624
105
639
482
456
148
679
87
303
130
788
636
849
645
671
297
742
445
989
755
982
930
863
219
721
806
988
529
378
718
25
270
721
115
873
517
90
599
447
300
72
109
147
359
362
927
584
504
887
612
197
482
966
736
277
776
267
617
263
733
353
793
792
554
752
64
373
452
195
726
112
293
391
738
903
967
539
640
435
196
645
582
568
286
151
302
842
34
71
951
816
88
266
816
1
475
138
256
689
813
375
393
997
928
614
166
266
785
179
388
597
992
189
514
379
18
431
733
57
774
25
160
275
188
321
678
288
985
934
802
862
388
496
185
324
29
213
749
618
15
632
735
802
532
155
251
637
585
692
563
36
570
234
53
602
890
701
260
485
305
832
746
946
114
373
97
264
63
515
529
579
638
667
970
996
498
266
969
516
911
375
876
89
447
510
749
303
358
20
565
334
878
104
585
797
495
754
134
793
679
560
576
807
43
930
76
132
195
40
776
615
703
357
942
625
806
537
635
14
145
647
267
128
322
40
527
328
397
998
